0 -1 0 100 0 100 grass
-100 -1 -100 0 0 0 grass
-100 -1 0 0 0 100 grass
0 -1 -100 100 0 0 grass

35 0 -13 52.5 10 -12 brick
52.5 0 -13 70 10 -12 brick
35 0 -50 52.5 10 -49 brick
52.5 0 -50 70 10 -49 brick
17.5 0 -50 35 10 -49 brick
70 0 -50 72 10 -31 brick
70 0 -31 72 10 -12 brick
15.5 0 -50 17.5 10 -31 brick
15.5 0 -31 17.5 10 -12 brick
17.5 0 -13 29 10 -12 brick

13.5 10 -52 74 11 -10 metal
66 2.2 -41 70 2.4 -39 metal

17.5 0 -49 30 2 -43 wood
66 2 -48 70 2.2 -39 wood

21 0 -48.5 29.5 2.5 -43.5 red

18 0 -48.5 21 3.2 -43.5 white

68 2.2 -47 69 4.2 -45 plastic1

67.9 2.4 -46.8 68 4 -45.2 computer

66.8 2.4 -46.8 67.6 2.6 -45.2 plastic2

65.99 2.2 -41 66 2.4 -39 decoder

95 0 -95 96 10 95 invis
-96 0 -95 -95 10 95 invis
-95 0 95 95 10 96 invis
-95 0 -96 95 10 -95 invis

105 -90 -105 106 15 105 moss
-106 -90 -105 -105 15 105 moss
-105 -90 105 105 15 106 moss
-105 -90 -106 105 15 -105 moss